_________________________________________________________________
Layer (type)                 Output Shape              Param #   
=================================================================
embedding_1 (Embedding)      (None, 799, 128)          218347520 
_________________________________________________________________
global_average_pooling1d_1 ( (None, 128)               0         
_________________________________________________________________
dense_1 (Dense)              (None, 1)                 129       
=================================================================
Total params: 218,347,649
Trainable params: 218,347,649
Non-trainable params: 0
_________________________________________________________________
Loading testing data
2019-07-16 03:33:45.317218: I tensorflow/stream_executor/dso_loader.cc:152] successfully opened CUDA library libcublas.so.10.0 locally
1 [[1]] 0.0
81 [[0]] 1.0
83 [[1]] 0.0
111 [[0]] 1.0
137 [[1]] 0.0
148 [[1]] 0.0
153 [[0]] 1.0
161 [[1]] 0.0
170 [[0]] 1.0
173 [[1]] 0.0
178 [[0]] 1.0
183 [[0]] 1.0
189 [[0]] 1.0
190 [[1]] 0.0
243 [[1]] 0.0
245 [[1]] 0.0
254 [[0]] 1.0
274 [[1]] 0.0
275 [[0]] 1.0
279 [[1]] 0.0
292 [[0]] 1.0
302 [[0]] 1.0
304 [[1]] 0.0
313 [[1]] 0.0
325 [[1]] 0.0
342 [[1]] 0.0
344 [[1]] 0.0
353 [[1]] 0.0
358 [[1]] 0.0
369 [[1]] 0.0
375 [[1]] 0.0
376 [[1]] 0.0
379 [[1]] 0.0
415 [[0]] 1.0
419 [[0]] 1.0
425 [[1]] 0.0
429 [[0]] 1.0
445 [[0]] 1.0
453 [[1]] 0.0
481 [[1]] 0.0
501 [[1]] 0.0
515 [[0]] 1.0
523 [[0]] 1.0
538 [[0]] 1.0
541 [[0]] 1.0
556 [[1]] 0.0
560 [[0]] 1.0
576 [[1]] 0.0
586 [[1]] 0.0
596 [[1]] 0.0
617 [[0]] 1.0
619 [[0]] 1.0
643 [[0]] 1.0
672 [[0]] 1.0
682 [[0]] 1.0
697 [[1]] 0.0
703 [[1]] 0.0
731 [[0]] 1.0
752 [[1]] 0.0
755 [[1]] 0.0
775 [[1]] 0.0
817 [[1]] 0.0
829 [[0]] 1.0
849 [[0]] 1.0
853 [[0]] 1.0
861 [[0]] 1.0
913 [[1]] 0.0
926 [[0]] 1.0
942 [[1]] 0.0
946 [[0]] 1.0
954 [[0]] 1.0
967 [[0]] 1.0
971 [[1]] 0.0
972 [[0]] 1.0
981 [[1]] 0.0
982 [[0]] 1.0
986 [[1]] 0.0
1036 [[1]] 0.0
1037 [[1]] 0.0
1045 [[1]] 0.0
1048 [[0]] 1.0
1057 [[0]] 1.0
1063 [[1]] 0.0
1064 [[0]] 1.0
1078 [[1]] 0.0
1094 [[1]] 0.0
1100 [[0]] 1.0
1103 [[1]] 0.0
1105 [[0]] 1.0
1123 [[1]] 0.0
1131 [[0]] 1.0
1142 [[0]] 1.0
1149 [[1]] 0.0
1168 [[0]] 1.0
1173 [[1]] 0.0
1192 [[1]] 0.0
1200 [[1]] 0.0
1213 [[0]] 1.0
1214 [[1]] 0.0
1229 [[1]] 0.0
1231 [[1]] 0.0
1239 [[1]] 0.0
1245 [[0]] 1.0
1265 [[1]] 0.0
1291 [[1]] 0.0
1292 [[0]] 1.0
1304 [[1]] 0.0
1342 [[1]] 0.0
1345 [[0]] 1.0
1379 [[1]] 0.0
1386 [[0]] 1.0
1399 [[0]] 1.0
1401 [[1]] 0.0
1411 [[1]] 0.0
1414 [[0]] 1.0
1419 [[0]] 1.0
1429 [[0]] 1.0
1430 [[0]] 1.0
1433 [[0]] 1.0
1446 [[1]] 0.0
1460 [[1]] 0.0
1468 [[1]] 0.0
1485 [[1]] 0.0
1498 [[0]] 1.0
1506 [[0]] 1.0
1519 [[1]] 0.0
1522 [[0]] 1.0
1552 [[0]] 1.0
1568 [[0]] 1.0
1585 [[0]] 1.0
1597 [[0]] 1.0
1606 [[1]] 0.0
1631 [[1]] 0.0
1635 [[0]] 1.0
1644 [[1]] 0.0
1654 [[0]] 1.0
1680 [[1]] 0.0
1683 [[1]] 0.0
1690 [[1]] 0.0
1692 [[0]] 1.0
1697 [[1]] 0.0
1717 [[1]] 0.0
1718 [[0]] 1.0
1721 [[0]] 1.0
1731 [[1]] 0.0
1756 [[0]] 1.0
1780 [[1]] 0.0
1784 [[0]] 1.0
1807 [[0]] 1.0
1826 [[1]] 0.0
1850 [[0]] 1.0
1880 [[1]] 0.0
1883 [[1]] 0.0
1914 [[0]] 1.0
1923 [[0]] 1.0
1925 [[1]] 0.0
1957 [[0]] 1.0
1960 [[0]] 1.0
1981 [[0]] 1.0
1988 [[0]] 1.0
1990 [[0]] 1.0
2004 [[1]] 0.0
2037 [[1]] 0.0
2045 [[0]] 1.0
2046 [[0]] 1.0
2050 [[0]] 1.0
2051 [[1]] 0.0
2105 [[0]] 1.0
2121 [[1]] 0.0
2137 [[1]] 0.0
2181 [[1]] 0.0
2194 [[0]] 1.0
2216 [[1]] 0.0
2217 [[1]] 0.0
2260 [[1]] 0.0
2266 [[0]] 1.0
2274 [[0]] 1.0
2277 [[1]] 0.0
2288 [[0]] 1.0
2299 [[1]] 0.0
2304 [[1]] 0.0
2314 [[0]] 1.0
2325 [[0]] 1.0
2333 [[1]] 0.0
2344 [[1]] 0.0
2349 [[0]] 1.0
2350 [[1]] 0.0
2379 [[1]] 0.0
2381 [[0]] 1.0
2402 [[0]] 1.0
2415 [[0]] 1.0
2422 [[0]] 1.0
2428 [[0]] 1.0
2438 [[1]] 0.0
2439 [[1]] 0.0
2442 [[1]] 0.0
2450 [[0]] 1.0
2459 [[0]] 1.0
2471 [[1]] 0.0
2481 [[1]] 0.0
2496 [[1]] 0.0
2507 [[0]] 1.0
2509 [[1]] 0.0
2516 [[1]] 0.0
2528 [[0]] 1.0
2531 [[0]] 1.0
2538 [[0]] 1.0
2549 [[1]] 0.0
2552 [[0]] 1.0
2568 [[0]] 1.0
2570 [[1]] 0.0
2576 [[0]] 1.0
2608 [[1]] 0.0
2635 [[1]] 0.0
2658 [[1]] 0.0
2684 [[1]] 0.0
2702 [[1]] 0.0
2706 [[1]] 0.0
2707 [[1]] 0.0
2723 [[1]] 0.0
2728 [[1]] 0.0
2751 [[1]] 0.0
2754 [[0]] 1.0
2755 [[0]] 1.0
2757 [[1]] 0.0
2783 [[1]] 0.0
2789 [[0]] 1.0
2794 [[0]] 1.0
2823 [[1]] 0.0
2834 [[1]] 0.0
2842 [[1]] 0.0
2848 [[1]] 0.0
2865 [[0]] 1.0
2871 [[1]] 0.0
2878 [[1]] 0.0
2885 [[1]] 0.0
2891 [[1]] 0.0
2908 [[0]] 1.0
2923 [[0]] 1.0
2933 [[1]] 0.0
2937 [[1]] 0.0
2938 [[0]] 1.0
2947 [[1]] 0.0
2958 [[1]] 0.0
2977 [[1]] 0.0
2983 [[0]] 1.0
2984 [[0]] 1.0
2988 [[0]] 1.0
3016 [[0]] 1.0
3021 [[0]] 1.0
3024 [[0]] 1.0
3053 [[1]] 0.0
3065 [[0]] 1.0
3086 [[0]] 1.0
3135 [[1]] 0.0
3136 [[1]] 0.0
3138 [[1]] 0.0
3144 [[1]] 0.0
3151 [[1]] 0.0
3170 [[1]] 0.0
3177 [[1]] 0.0
3194 [[1]] 0.0
3198 [[0]] 1.0
3226 [[1]] 0.0
3228 [[0]] 1.0
3264 [[1]] 0.0
3271 [[1]] 0.0
3275 [[1]] 0.0
3285 [[1]] 0.0
3291 [[0]] 1.0
3306 [[0]] 1.0
3316 [[0]] 1.0
3330 [[1]] 0.0
3363 [[1]] 0.0
3372 [[1]] 0.0
3383 [[1]] 0.0
3404 [[0]] 1.0
3449 [[0]] 1.0
3450 [[1]] 0.0
3455 [[1]] 0.0
3480 [[0]] 1.0
3482 [[0]] 1.0
3491 [[1]] 0.0
3493 [[0]] 1.0
3496 [[1]] 0.0
3521 [[0]] 1.0
3528 [[1]] 0.0
3545 [[1]] 0.0
3562 [[1]] 0.0
3584 [[1]] 0.0
3586 [[1]] 0.0
3589 [[0]] 1.0
3604 [[1]] 0.0
3605 [[0]] 1.0
3611 [[1]] 0.0
3613 [[1]] 0.0
3617 [[1]] 0.0
3675 [[1]] 0.0
3692 [[1]] 0.0
3699 [[0]] 1.0
3710 [[0]] 1.0
3734 [[1]] 0.0
3738 [[0]] 1.0
3742 [[0]] 1.0
3747 [[0]] 1.0
3761 [[0]] 1.0
3766 [[1]] 0.0
3772 [[1]] 0.0
3775 [[0]] 1.0
3790 [[0]] 1.0
3831 [[0]] 1.0
3839 [[1]] 0.0
3848 [[0]] 1.0
3857 [[0]] 1.0
3869 [[1]] 0.0
3891 [[0]] 1.0
3895 [[1]] 0.0
3898 [[0]] 1.0
3916 [[1]] 0.0
3918 [[0]] 1.0
3934 [[0]] 1.0
3935 [[0]] 1.0
3940 [[0]] 1.0
3949 [[0]] 1.0
3970 [[1]] 0.0
3971 [[0]] 1.0
3975 [[1]] 0.0
3977 [[1]] 0.0
3979 [[1]] 0.0
3982 [[0]] 1.0
4022 [[1]] 0.0
4055 [[1]] 0.0
4064 [[1]] 0.0
4084 [[1]] 0.0
4085 [[1]] 0.0
4099 [[1]] 0.0
4122 [[1]] 0.0
4149 [[0]] 1.0
4155 [[0]] 1.0
4167 [[0]] 1.0
4175 [[1]] 0.0
4178 [[1]] 0.0
4186 [[0]] 1.0
4199 [[0]] 1.0
4213 [[1]] 0.0
4219 [[1]] 0.0
4234 [[1]] 0.0
4243 [[0]] 1.0
4247 [[0]] 1.0
4251 [[0]] 1.0
4275 [[0]] 1.0
4289 [[1]] 0.0
4312 [[0]] 1.0
4328 [[0]] 1.0
354
4333

