
_________________________________________________________________
Layer (type)                 Output Shape              Param #   
=================================================================
embedding_1 (Embedding)      (None, 400, 200)          17716800  
_________________________________________________________________
global_average_pooling1d_1 ( (None, 200)               0         
_________________________________________________________________
dense_1 (Dense)              (None, 1)                 201       
=================================================================
Total params: 17,717,001
Trainable params: 17,717,001
Non-trainable params: 0
_________________________________________________________________
Loading testing data
1 [[1]] 0.0
13 [[1]] 0.0
22 [[1]] 0.0
42 [[0]] 1.0
68 [[1]] 0.0
81 [[0]] 1.0
102 [[1]] 0.0
105 [[1]] 0.0
106 [[1]] 0.0
111 [[0]] 1.0
137 [[1]] 0.0
139 [[0]] 1.0
148 [[1]] 0.0
153 [[0]] 1.0
161 [[1]] 0.0
165 [[0]] 1.0
170 [[0]] 1.0
173 [[1]] 0.0
180 [[0]] 1.0
183 [[0]] 1.0
188 [[1]] 0.0
190 [[1]] 0.0
219 [[1]] 0.0
230 [[0]] 1.0
243 [[1]] 0.0
245 [[1]] 0.0
254 [[0]] 1.0
274 [[1]] 0.0
275 [[0]] 1.0
279 [[1]] 0.0
284 [[1]] 0.0
292 [[0]] 1.0
304 [[1]] 0.0
307 [[0]] 1.0
325 [[1]] 0.0
342 [[1]] 0.0
344 [[1]] 0.0
350 [[0]] 1.0
358 [[1]] 0.0
369 [[1]] 0.0
375 [[1]] 0.0
376 [[1]] 0.0
379 [[1]] 0.0
381 [[0]] 1.0
394 [[1]] 0.0
415 [[0]] 1.0
419 [[0]] 1.0
425 [[1]] 0.0
428 [[1]] 0.0
429 [[0]] 1.0
430 [[1]] 0.0
445 [[0]] 1.0
448 [[0]] 1.0
461 [[1]] 0.0
481 [[1]] 0.0
484 [[0]] 1.0
501 [[1]] 0.0
515 [[0]] 1.0
538 [[0]] 1.0
556 [[1]] 0.0
560 [[0]] 1.0
569 [[0]] 1.0
576 [[1]] 0.0
586 [[1]] 0.0
596 [[1]] 0.0
615 [[1]] 0.0
617 [[0]] 1.0
619 [[0]] 1.0
636 [[1]] 0.0
643 [[0]] 1.0
655 [[0]] 1.0
677 [[1]] 0.0
682 [[0]] 1.0
697 [[1]] 0.0
703 [[1]] 0.0
730 [[0]] 1.0
731 [[0]] 1.0
752 [[1]] 0.0
754 [[1]] 0.0
770 [[1]] 0.0
775 [[1]] 0.0
812 [[1]] 0.0
814 [[1]] 0.0
829 [[0]] 1.0
833 [[0]] 1.0
849 [[0]] 1.0
853 [[0]] 1.0
911 [[1]] 0.0
913 [[1]] 0.0
926 [[0]] 1.0
941 [[0]] 1.0
942 [[1]] 0.0
946 [[0]] 1.0
954 [[0]] 1.0
971 [[1]] 0.0
981 [[1]] 0.0
982 [[0]] 1.0
986 [[1]] 0.0
992 [[1]] 0.0
1020 [[0]] 1.0
1029 [[1]] 0.0
1031 [[0]] 1.0
1036 [[1]] 0.0
1037 [[1]] 0.0
1040 [[0]] 1.0
1048 [[0]] 1.0
1054 [[0]] 1.0
1057 [[0]] 1.0
1063 [[1]] 0.0
1094 [[1]] 0.0
1103 [[1]] 0.0
1105 [[0]] 1.0
1114 [[0]] 1.0
1123 [[1]] 0.0
1138 [[1]] 0.0
1142 [[0]] 1.0
1149 [[1]] 0.0
1152 [[0]] 1.0
1165 [[0]] 1.0
1168 [[0]] 1.0
1173 [[1]] 0.0
1192 [[1]] 0.0
1200 [[1]] 0.0
1213 [[0]] 1.0
1214 [[1]] 0.0
1229 [[1]] 0.0
1239 [[1]] 0.0
1245 [[0]] 1.0
1248 [[1]] 0.0
1291 [[1]] 0.0
1292 [[0]] 1.0
1304 [[1]] 0.0
1323 [[1]] 0.0
1342 [[1]] 0.0
1345 [[0]] 1.0
1348 [[0]] 1.0
1350 [[1]] 0.0
1352 [[0]] 1.0
1369 [[1]] 0.0
1379 [[1]] 0.0
1386 [[0]] 1.0
1399 [[0]] 1.0
1401 [[1]] 0.0
1411 [[1]] 0.0
1414 [[0]] 1.0
1419 [[0]] 1.0
1426 [[1]] 0.0
1429 [[0]] 1.0
1430 [[0]] 1.0
1433 [[0]] 1.0
1446 [[1]] 0.0
1460 [[1]] 0.0
1468 [[1]] 0.0
1485 [[1]] 0.0
1498 [[0]] 1.0
1506 [[0]] 1.0
1519 [[1]] 0.0
1521 [[0]] 1.0
1522 [[0]] 1.0
1533 [[1]] 0.0
1548 [[1]] 0.0
1552 [[0]] 1.0
1568 [[0]] 1.0
1595 [[1]] 0.0
1597 [[0]] 1.0
1606 [[1]] 0.0
1623 [[1]] 0.0
1635 [[0]] 1.0
1644 [[1]] 0.0
1654 [[0]] 1.0
1673 [[0]] 1.0
1679 [[0]] 1.0
1683 [[1]] 0.0
1690 [[1]] 0.0
1692 [[0]] 1.0
1712 [[1]] 0.0
1717 [[1]] 0.0
1718 [[0]] 1.0
1721 [[0]] 1.0
1756 [[0]] 1.0
1780 [[1]] 0.0
1784 [[0]] 1.0
1807 [[0]] 1.0
1820 [[0]] 1.0
1824 [[0]] 1.0
1826 [[1]] 0.0
1863 [[0]] 1.0
1880 [[1]] 0.0
1881 [[0]] 1.0
1883 [[1]] 0.0
1886 [[0]] 1.0
1914 [[0]] 1.0
1923 [[0]] 1.0
1925 [[1]] 0.0
1942 [[1]] 0.0
1957 [[0]] 1.0
1981 [[0]] 1.0
1990 [[0]] 1.0
2004 [[1]] 0.0
2037 [[1]] 0.0
2045 [[0]] 1.0
2046 [[0]] 1.0
2101 [[0]] 1.0
2105 [[0]] 1.0
2121 [[1]] 0.0
2126 [[0]] 1.0
2137 [[1]] 0.0
2145 [[0]] 1.0
2181 [[1]] 0.0
2194 [[0]] 1.0
2217 [[1]] 0.0
2222 [[0]] 1.0
2223 [[0]] 1.0
2242 [[1]] 0.0
2255 [[0]] 1.0
2260 [[1]] 0.0
2267 [[1]] 0.0
2274 [[0]] 1.0
2277 [[1]] 0.0
2299 [[1]] 0.0
2304 [[1]] 0.0
2314 [[0]] 1.0
2319 [[1]] 0.0
2321 [[1]] 0.0
2333 [[1]] 0.0
2344 [[1]] 0.0
2347 [[0]] 1.0
2349 [[0]] 1.0
2372 [[0]] 1.0
2380 [[1]] 0.0
2381 [[0]] 1.0
2401 [[0]] 1.0
2402 [[0]] 1.0
2415 [[0]] 1.0
2422 [[0]] 1.0
2428 [[0]] 1.0
2438 [[1]] 0.0
2439 [[1]] 0.0
2442 [[1]] 0.0
2459 [[0]] 1.0
2465 [[0]] 1.0
2471 [[1]] 0.0
2481 [[1]] 0.0
2496 [[1]] 0.0
2507 [[0]] 1.0
2516 [[1]] 0.0
2528 [[0]] 1.0
2531 [[0]] 1.0
2534 [[0]] 1.0
2538 [[0]] 1.0
2552 [[0]] 1.0
2568 [[0]] 1.0
2570 [[1]] 0.0
2576 [[0]] 1.0
2578 [[0]] 1.0
2579 [[1]] 0.0
2586 [[1]] 0.0
2608 [[1]] 0.0
2635 [[1]] 0.0
2658 [[1]] 0.0
2684 [[1]] 0.0
2700 [[1]] 0.0
2706 [[1]] 0.0
2713 [[1]] 0.0
2715 [[1]] 0.0
2719 [[1]] 0.0
2723 [[1]] 0.0
2728 [[1]] 0.0
2751 [[1]] 0.0
2754 [[0]] 1.0
2755 [[0]] 1.0
2757 [[1]] 0.0
2763 [[0]] 1.0
2767 [[1]] 0.0
2783 [[1]] 0.0
2789 [[0]] 1.0
2794 [[0]] 1.0
2823 [[1]] 0.0
2834 [[1]] 0.0
2848 [[1]] 0.0
2865 [[0]] 1.0
2871 [[1]] 0.0
2878 [[1]] 0.0
2885 [[1]] 0.0
2891 [[1]] 0.0
2895 [[1]] 0.0
2908 [[0]] 1.0
2911 [[0]] 1.0
2923 [[0]] 1.0
2929 [[0]] 1.0
2933 [[1]] 0.0
2937 [[1]] 0.0
2947 [[1]] 0.0
2972 [[0]] 1.0
2977 [[1]] 0.0
2988 [[0]] 1.0
2990 [[1]] 0.0
3015 [[0]] 1.0
3016 [[0]] 1.0
3024 [[0]] 1.0
3043 [[0]] 1.0
3053 [[1]] 0.0
3059 [[1]] 0.0
3065 [[0]] 1.0
3099 [[1]] 0.0
3122 [[1]] 0.0
3123 [[1]] 0.0
3135 [[1]] 0.0
3136 [[1]] 0.0
3138 [[1]] 0.0
3144 [[1]] 0.0
3151 [[1]] 0.0
3177 [[1]] 0.0
3201 [[1]] 0.0
3205 [[1]] 0.0
3215 [[1]] 0.0
3226 [[1]] 0.0
3228 [[0]] 1.0
3251 [[1]] 0.0
3264 [[1]] 0.0
3268 [[1]] 0.0
3276 [[1]] 0.0
3285 [[1]] 0.0
3291 [[0]] 1.0
3306 [[0]] 1.0
3313 [[1]] 0.0
3316 [[0]] 1.0
3330 [[1]] 0.0
3337 [[0]] 1.0
3343 [[1]] 0.0
3346 [[1]] 0.0
3363 [[1]] 0.0
3372 [[1]] 0.0
3383 [[1]] 0.0
3404 [[0]] 1.0
3429 [[1]] 0.0
3449 [[0]] 1.0
3450 [[1]] 0.0
3455 [[1]] 0.0
3479 [[0]] 1.0
3480 [[0]] 1.0
3491 [[1]] 0.0
3493 [[0]] 1.0
3496 [[1]] 0.0
3519 [[0]] 1.0
3521 [[0]] 1.0
3528 [[1]] 0.0
3545 [[1]] 0.0
3548 [[1]] 0.0
3562 [[1]] 0.0
3565 [[0]] 1.0
3572 [[0]] 1.0
3584 [[1]] 0.0
3588 [[0]] 1.0
3589 [[0]] 1.0
3604 [[1]] 0.0
3617 [[1]] 0.0
3626 [[1]] 0.0
3648 [[1]] 0.0
3675 [[1]] 0.0
3692 [[1]] 0.0
3696 [[1]] 0.0
3699 [[0]] 1.0
3710 [[0]] 1.0
3734 [[1]] 0.0
3735 [[0]] 1.0
3738 [[0]] 1.0
3741 [[1]] 0.0
3742 [[0]] 1.0
3761 [[0]] 1.0
3766 [[1]] 0.0
3772 [[1]] 0.0
3790 [[0]] 1.0
3835 [[0]] 1.0
3839 [[1]] 0.0
3848 [[0]] 1.0
3857 [[0]] 1.0
3869 [[1]] 0.0
3891 [[0]] 1.0
3895 [[1]] 0.0
3908 [[0]] 1.0
3916 [[1]] 0.0
3918 [[0]] 1.0
3934 [[0]] 1.0
3935 [[0]] 1.0
3938 [[0]] 1.0
3940 [[0]] 1.0
3949 [[0]] 1.0
3970 [[1]] 0.0
3971 [[0]] 1.0
3975 [[1]] 0.0
3977 [[1]] 0.0
3979 [[1]] 0.0
3982 [[0]] 1.0
3984 [[1]] 0.0
4055 [[1]] 0.0
4064 [[1]] 0.0
4084 [[1]] 0.0
4085 [[1]] 0.0
4099 [[1]] 0.0
4122 [[1]] 0.0
4149 [[0]] 1.0
4175 [[1]] 0.0
4176 [[1]] 0.0
4186 [[0]] 1.0
4199 [[0]] 1.0
4207 [[0]] 1.0
4213 [[1]] 0.0
4219 [[1]] 0.0
4229 [[1]] 0.0
4234 [[1]] 0.0
4243 [[0]] 1.0
4247 [[0]] 1.0
4251 [[0]] 1.0
4275 [[0]] 1.0
4289 [[1]] 0.0
4291 [[1]] 0.0
4304 [[1]] 0.0
4311 [[0]] 1.0
4312 [[0]] 1.0
4328 [[0]] 1.0
421
4333

Process finished with exit code 0
