1 1.0 [0] 0.9999814
13 1.0 [0] 0.786794
22 1.0 [0] 0.99639744
31 0.0 [1] 6.554528e-05
46 1.0 [0] 0.9937063
61 0.0 [1] 0.009634667
68 1.0 [0] 0.5274426
73 1.0 [0] 0.8875332
81 0.0 [1] 0.49709168
102 1.0 [0] 0.9993461
106 1.0 [0] 0.950046
110 1.0 [0] 0.99940157
125 1.0 [0] 0.99999726
134 1.0 [0] 0.9378831
137 1.0 [0] 0.99958795
139 0.0 [1] 0.105644315
143 1.0 [0] 0.7509975
148 1.0 [0] 0.9038721
150 0.0 [1] 0.12109789
153 0.0 [1] 0.00052268297
161 1.0 [0] 0.9998442
165 0.0 [1] 0.23342536
170 0.0 [1] 0.0002201972
173 1.0 [0] 0.9999945
176 0.0 [1] 0.40905923
180 0.0 [1] 0.010260386
183 0.0 [1] 0.0037088932
202 0.0 [1] 0.018940663
206 0.0 [1] 0.43868718
243 1.0 [0] 0.9940916
245 1.0 [0] 0.9999962
274 1.0 [0] 0.9999888
275 0.0 [1] 0.004264586
279 1.0 [0] 0.99940836
284 1.0 [0] 0.9732357
292 0.0 [1] 0.004377209
302 0.0 [1] 0.34805834
304 1.0 [0] 0.6767758
307 0.0 [1] 0.05513783
315 1.0 [0] 0.74542546
325 1.0 [0] 0.99769104
340 1.0 [0] 0.69672155
342 1.0 [0] 0.9769388
344 1.0 [0] 0.99859196
358 1.0 [0] 0.9968796
362 1.0 [0] 0.9459667
369 1.0 [0] 0.9999968
379 1.0 [0] 0.9995308
386 1.0 [0] 0.99973375
394 1.0 [0] 0.9376744
425 1.0 [0] 0.9999976
428 1.0 [0] 0.99972194
432 1.0 [0] 0.99771714
445 0.0 [1] 0.021170959
448 0.0 [1] 0.00077773246
478 0.0 [1] 0.004078142
481 1.0 [0] 0.9813743
484 0.0 [1] 0.033658538
501 1.0 [0] 0.99990964
516 1.0 [0] 0.94684017
556 1.0 [0] 0.9999056
560 0.0 [1] 0.000747309
569 0.0 [1] 0.32328555
571 1.0 [0] 0.86036026
574 1.0 [0] 0.55455273
576 1.0 [0] 0.99821556
586 1.0 [0] 0.9994849
596 1.0 [0] 0.9994135
619 0.0 [1] 0.0021217947
622 0.0 [1] 0.015040792
636 1.0 [0] 0.6655694
637 1.0 [0] 0.9984849
643 0.0 [1] 8.71705e-06
655 0.0 [1] 0.034898836
657 1.0 [0] 0.9951662
677 1.0 [0] 0.82220894
680 1.0 [0] 0.93451107
697 1.0 [0] 0.5316476
703 1.0 [0] 0.9988275
710 1.0 [0] 0.9794093
728 1.0 [0] 0.9900789
730 0.0 [1] 0.22073533
751 1.0 [0] 0.8590685
752 1.0 [0] 0.9999392
754 1.0 [0] 0.8642211
760 0.0 [1] 0.28521916
766 0.0 [1] 0.034201838
775 1.0 [0] 0.9815252
787 0.0 [1] 0.011599144
800 0.0 [1] 0.33974758
812 1.0 [0] 0.9041512
815 1.0 [0] 0.51104313
829 0.0 [1] 0.0058268807
833 0.0 [1] 0.000313944
848 1.0 [0] 0.99855655
849 0.0 [1] 3.8236587e-05
853 0.0 [1] 0.00018641462
861 0.0 [1] 0.17639741
863 1.0 [0] 0.9995807
911 1.0 [0] 0.99812704
913 1.0 [0] 0.99994123
918 1.0 [0] 0.6890739
926 0.0 [1] 0.05805423
944 1.0 [0] 0.6812544
954 0.0 [1] 0.10229244
960 1.0 [0] 0.8141014
965 0.0 [1] 0.22619802
967 0.0 [1] 0.19639172
971 1.0 [0] 0.998398
979 0.0 [1] 0.051755335
981 1.0 [0] 0.99865866
982 0.0 [1] 0.0031217814
992 1.0 [0] 0.91631836
1016 1.0 [0] 0.9603127
1035 1.0 [0] 0.9984674
1036 1.0 [0] 0.99986637
1037 1.0 [0] 0.9999125
1040 0.0 [1] 0.13511352
1044 1.0 [0] 0.9967192
1045 1.0 [0] 0.56511575
1057 0.0 [1] 0.00019194931
1063 1.0 [0] 0.99999
1078 1.0 [0] 0.9925931
1094 1.0 [0] 0.99855393
1103 1.0 [0] 0.9983784
1110 1.0 [0] 0.99977285
1111 0.0 [1] 0.23185837
1114 0.0 [1] 0.14949208
1116 0.0 [1] 0.11335091
1142 0.0 [1] 0.0013700813
1149 1.0 [0] 0.99883527
1152 0.0 [1] 0.32217404
1153 1.0 [0] 0.99394083
1154 1.0 [0] 0.9999609
1173 1.0 [0] 0.9999945
1183 1.0 [0] 0.9998857
1192 1.0 [0] 0.6008219
1194 0.0 [1] 0.00055078825
1200 1.0 [0] 0.8602719
1214 1.0 [0] 0.9999409
1226 1.0 [0] 0.7996855
1229 1.0 [0] 0.9999423
1239 1.0 [0] 0.9997677
1248 1.0 [0] 0.71319
1265 1.0 [0] 0.9985897
1274 1.0 [0] 0.91933155
1290 1.0 [0] 0.99969673
1291 1.0 [0] 0.9999417
1292 0.0 [1] 0.00012774444
1303 0.0 [1] 0.1302535
1304 1.0 [0] 0.9951373
1318 1.0 [0] 0.93425494
1335 0.0 [1] 0.006259278
1342 1.0 [0] 0.9999095
1344 1.0 [0] 0.8323062
1350 1.0 [0] 0.5813518
1352 0.0 [1] 0.03185454
1378 1.0 [0] 0.88940585
1386 0.0 [1] 0.05613385
1394 0.0 [1] 0.0943689
1397 1.0 [0] 0.9984444
1399 0.0 [1] 0.015366004
1401 1.0 [0] 0.9999999
1411 1.0 [0] 0.9999677
1419 0.0 [1] 5.039968e-06
1429 0.0 [1] 0.0020289943
1446 1.0 [0] 0.9995666
1468 1.0 [0] 0.9995123
1476 0.0 [1] 0.026024735
1478 1.0 [0] 0.9999609
1482 1.0 [0] 0.99273396
1486 0.0 [1] 0.0008043978
1500 1.0 [0] 0.87440103
1519 1.0 [0] 0.99995434
1547 1.0 [0] 0.96890163
1548 1.0 [0] 0.9999881
1552 0.0 [1] 0.00010795584
1553 1.0 [0] 0.9270729
1595 1.0 [0] 0.9768374
1606 1.0 [0] 0.97536236
1612 0.0 [1] 0.0008254318
1623 1.0 [0] 0.97753876
1635 0.0 [1] 0.005729014
1644 1.0 [0] 0.93053085
1654 0.0 [1] 0.010693218
1680 1.0 [0] 0.99162287
1683 1.0 [0] 0.99998665
1685 1.0 [0] 0.98216504
1690 1.0 [0] 0.9982803
1692 0.0 [1] 0.00028598655
1697 1.0 [0] 0.98996615
1701 1.0 [0] 0.9748286
1703 1.0 [0] 0.97903985
1717 1.0 [0] 0.9999721
1718 0.0 [1] 6.42488e-05
1721 0.0 [1] 0.45003396
1733 1.0 [0] 0.9997998
1740 0.0 [1] 0.001701916
1751 1.0 [0] 0.8596977
1774 1.0 [0] 0.9479606
1780 1.0 [0] 0.7645279
1824 0.0 [1] 0.045505185
1826 1.0 [0] 0.9999701
1863 0.0 [1] 0.37555578
1880 1.0 [0] 0.746907
1881 0.0 [1] 0.0028769004
1883 1.0 [0] 0.9992249
1886 0.0 [1] 0.17200616
1887 1.0 [0] 0.7982402
1905 1.0 [0] 0.9906199
1913 1.0 [0] 0.73916775
1914 0.0 [1] 0.069201365
1925 1.0 [0] 0.9996524
1942 1.0 [0] 0.999954
1947 0.0 [1] 0.0010195465
1957 0.0 [1] 0.14693652
1969 1.0 [0] 0.98374087
1979 1.0 [0] 0.7507245
1982 0.0 [1] 8.632998e-05
1999 1.0 [0] 0.9494103
2001 1.0 [0] 0.53765523
2004 1.0 [0] 0.9409096
2037 1.0 [0] 0.5974522
2039 1.0 [0] 0.9999647
2045 0.0 [1] 0.019901983
2065 1.0 [0] 0.53848225
2072 0.0 [1] 0.04080153
2101 0.0 [1] 0.0031835227
2104 1.0 [0] 0.61729467
2105 0.0 [1] 1.0496441e-06
2115 0.0 [1] 0.10923592
2121 1.0 [0] 0.9999559
2158 0.0 [1] 0.018770084
2162 1.0 [0] 0.99527043
2181 1.0 [0] 0.9989453
2194 0.0 [1] 0.0001647409
2206 0.0 [1] 0.09626757
2213 1.0 [0] 0.5520254
2217 1.0 [0] 0.92701787
2238 0.0 [1] 0.36316943
2242 1.0 [0] 0.9138461
2244 1.0 [0] 0.5789936
2255 0.0 [1] 0.00028759427
2260 1.0 [0] 0.99993944
2277 1.0 [0] 0.9992625
2299 1.0 [0] 0.9994747
2303 1.0 [0] 0.99975675
2304 1.0 [0] 0.9994331
2317 0.0 [1] 0.2278768
2319 1.0 [0] 0.99972624
2321 1.0 [0] 0.9999367
2333 1.0 [0] 0.99999607
2344 1.0 [0] 0.9999943
2379 1.0 [0] 0.99922216
2380 1.0 [0] 0.9915332
2381 0.0 [1] 0.096860506
2401 0.0 [1] 0.1391397
2407 1.0 [0] 0.9967001
2422 0.0 [1] 1.951929e-06
2428 0.0 [1] 0.00036946492
2438 1.0 [0] 0.5031138
2439 1.0 [0] 0.99998677
2442 1.0 [0] 0.99994886
2471 1.0 [0] 0.99027234
2478 1.0 [0] 0.9989052
2481 1.0 [0] 0.99387604
2487 1.0 [0] 0.7305825
2492 1.0 [0] 0.6760849
2496 1.0 [0] 0.99930036
2500 1.0 [0] 0.92108244
2507 0.0 [1] 0.0493025
2516 1.0 [0] 0.99940455
2525 1.0 [0] 0.5124387
2531 0.0 [1] 0.14972016
2534 0.0 [1] 0.0012702607
2552 0.0 [1] 0.005668191
2568 0.0 [1] 0.3453595
2570 1.0 [0] 0.9999862
2576 0.0 [1] 0.0068205013
2578 0.0 [1] 0.0020016152
2586 1.0 [0] 0.93882006
2596 1.0 [0] 0.9441891
2604 1.0 [0] 0.91655594
2608 1.0 [0] 0.9988788
2615 1.0 [0] 0.5017522
2635 1.0 [0] 0.99999917
2658 1.0 [0] 0.9999621
2680 0.0 [1] 0.25480005
2689 1.0 [0] 0.57843584
2706 1.0 [0] 0.9997297
2707 1.0 [0] 0.9920534
2713 1.0 [0] 0.99797386
2715 1.0 [0] 0.99835205
2719 1.0 [0] 0.9308021
2720 1.0 [0] 0.73173124
2723 1.0 [0] 0.95559007
2751 1.0 [0] 0.99999774
2754 0.0 [1] 3.6351325e-06
2755 0.0 [1] 0.18166651
2757 1.0 [0] 0.9886341
2763 0.0 [1] 0.12946782
2783 1.0 [0] 0.99774605
2785 1.0 [0] 0.99878997
2789 0.0 [1] 0.030623222
2814 1.0 [0] 0.99979347
2834 1.0 [0] 0.999997
2848 1.0 [0] 0.993606
2865 0.0 [1] 0.0010472849
2871 1.0 [0] 0.9997209
2878 1.0 [0] 0.9988986
2885 1.0 [0] 0.9832992
2894 1.0 [0] 0.97194135
2903 1.0 [0] 0.99885976
2923 0.0 [1] 0.004821558
2933 1.0 [0] 0.9999286
2937 1.0 [0] 0.991651
2948 1.0 [0] 0.9831214
2953 1.0 [0] 0.80206144
2959 1.0 [0] 0.8539247
2969 0.0 [1] 0.12906778
2972 0.0 [1] 0.29498005
2977 1.0 [0] 0.8322562
2988 0.0 [1] 0.023894602
3002 1.0 [0] 0.55115587
3013 0.0 [1] 0.0009317603
3040 1.0 [0] 0.6658652
3044 0.0 [1] 0.3846321
3053 1.0 [0] 0.9758775
3059 1.0 [0] 0.99034685
3068 1.0 [0] 0.9576678
3095 1.0 [0] 0.7780495
3097 1.0 [0] 0.99960405
3116 1.0 [0] 0.86398655
3122 1.0 [0] 0.9999964
3123 1.0 [0] 0.97439677
3126 1.0 [0] 0.701
3133 1.0 [0] 0.8865905
3134 1.0 [0] 0.83429456
3135 1.0 [0] 0.9999902
3136 1.0 [0] 0.9978345
3138 1.0 [0] 0.92821926
3144 1.0 [0] 0.9989297
3148 1.0 [0] 0.7679968
3173 1.0 [0] 0.70132023
3175 1.0 [0] 0.91742724
3177 1.0 [0] 0.9259388
3185 0.0 [1] 0.0009861247
3195 1.0 [0] 0.9714775
3201 1.0 [0] 0.99886215
3205 1.0 [0] 0.97973996
3215 1.0 [0] 0.61004066
3228 0.0 [1] 0.010928362
3251 1.0 [0] 0.9990393
3264 1.0 [0] 0.9999671
3266 0.0 [1] 0.09412863
3271 1.0 [0] 0.9999249
3285 1.0 [0] 0.9999974
3323 0.0 [1] 0.30982333
3325 1.0 [0] 0.780559
3330 1.0 [0] 0.99988866
3337 0.0 [1] 0.45765084
3339 1.0 [0] 0.9987923
3346 1.0 [0] 0.9999218
3356 1.0 [0] 0.5796193
3363 1.0 [0] 0.99999714
3372 1.0 [0] 0.95370173
3383 1.0 [0] 0.9999542
3429 1.0 [0] 0.9985252
3440 1.0 [0] 0.6076005
3449 0.0 [1] 0.005039348
3450 1.0 [0] 0.9999838
3478 1.0 [0] 0.9802009
3479 0.0 [1] 0.021683345
3494 1.0 [0] 0.8567147
3496 1.0 [0] 0.99999976
3500 1.0 [0] 0.6212165
3510 1.0 [0] 0.99998105
3519 0.0 [1] 0.17071678
3521 0.0 [1] 0.0018609903
3545 1.0 [0] 0.99891996
3557 0.0 [1] 0.36206785
3562 1.0 [0] 0.9999547
3565 0.0 [1] 0.11209154
3570 1.0 [0] 0.9290866
3584 1.0 [0] 0.99940264
3589 0.0 [1] 0.0016031953
3604 1.0 [0] 0.9074125
3608 0.0 [1] 0.022872537
3613 1.0 [0] 0.96833056
3617 1.0 [0] 0.92734337
3626 1.0 [0] 0.9742027
3632 0.0 [1] 0.25493786
3640 1.0 [0] 0.8571924
3644 0.0 [1] 0.017807975
3646 0.0 [1] 0.4603357
3648 1.0 [0] 0.9999914
3670 0.0 [1] 0.018538907
3675 1.0 [0] 0.99999857
3680 1.0 [0] 0.7825496
3692 1.0 [0] 0.97899866
3696 1.0 [0] 0.9248176
3698 1.0 [0] 0.6044041
3699 0.0 [1] 5.7860725e-05
3710 0.0 [1] 0.21331571
3719 1.0 [0] 0.7990145
3734 1.0 [0] 0.99988997
3738 0.0 [1] 0.00023193395
3741 1.0 [0] 0.9996731
3742 0.0 [1] 0.0004408056
3752 1.0 [0] 0.80020076
3761 0.0 [1] 0.011640601
3772 1.0 [0] 0.9999708
3790 0.0 [1] 0.000103822524
3812 0.0 [1] 1.7560273e-05
3829 1.0 [0] 0.78346765
3835 0.0 [1] 0.023698047
3839 1.0 [0] 0.9999893
3848 0.0 [1] 0.046518207
3857 0.0 [1] 9.3534545e-05
3891 0.0 [1] 0.29335576
3916 1.0 [0] 0.9999559
3918 0.0 [1] 6.448321e-05
3934 0.0 [1] 0.25860578
3940 0.0 [1] 0.08898794
3949 0.0 [1] 0.0011901639
3950 1.0 [0] 0.98576015
3955 0.0 [1] 0.0005587664
3970 1.0 [0] 0.98867595
3971 0.0 [1] 0.00021097879
3975 1.0 [0] 0.7233171
3979 1.0 [0] 0.8771931
3982 0.0 [1] 0.012594362
3987 1.0 [0] 0.75292116
3994 1.0 [0] 0.99996674
4018 1.0 [0] 0.84785855
4022 1.0 [0] 0.93819857
4033 1.0 [0] 0.82813185
4037 1.0 [0] 0.9996123
4050 1.0 [0] 0.5534256
4055 1.0 [0] 0.99999964
4056 1.0 [0] 0.9773702
4064 1.0 [0] 0.9999107
4084 1.0 [0] 0.99991167
4085 1.0 [0] 0.99973756
4099 1.0 [0] 0.9503955
4136 1.0 [0] 0.9864072
4150 0.0 [1] 0.2441387
4154 0.0 [1] 0.19261737
4175 1.0 [0] 0.997408
4185 0.0 [1] 0.40917906
4186 0.0 [1] 0.47233313
4191 1.0 [0] 0.999228
4199 0.0 [1] 0.0038381875
4213 1.0 [0] 0.83733165
4229 1.0 [0] 0.69574964
4234 1.0 [0] 0.92913693
4251 0.0 [1] 0.0010514586
4256 0.0 [1] 0.05282082
4264 0.0 [1] 0.0001440008
4265 0.0 [1] 0.09239988
4275 0.0 [1] 0.0063445526
4289 1.0 [0] 0.9993957
4291 1.0 [0] 0.99989927
4311 0.0 [1] 0.018926982
4312 0.0 [1] 0.05973286
4328 0.0 [1] 0.0004249105