index predict label sigmoid
42 0.0 [1] 0.18849137
81 0.0 [1] 0.023195654
111 0.0 [1] 0.0074146204
124 0.0 [1] 0.13281615
125 1.0 [0] 0.60057217
137 1.0 [0] 0.97628796
148 1.0 [0] 0.97852033
153 0.0 [1] 0.0344158
155 1.0 [0] 0.5433182
161 1.0 [0] 0.9978454
170 0.0 [1] 0.003931508
173 1.0 [0] 0.9520361
183 0.0 [1] 0.07246121
188 1.0 [0] 0.9277215
189 0.0 [1] 0.026049087
230 0.0 [1] 0.03306536
243 1.0 [0] 0.8184962
245 1.0 [0] 0.9991891
254 0.0 [1] 0.060690507
257 0.0 [1] 0.31048283
261 0.0 [1] 0.4994262
274 1.0 [0] 0.9987974
275 0.0 [1] 0.09440335
279 1.0 [0] 0.98029834
284 1.0 [0] 0.71678525
287 0.0 [1] 0.21609996
292 0.0 [1] 0.44711572
302 0.0 [1] 0.22905706
304 1.0 [0] 0.6765415
307 0.0 [1] 0.18210202
313 1.0 [0] 0.9839755
325 1.0 [0] 0.5194996
332 0.0 [1] 0.38431478
342 1.0 [0] 0.7998228
343 1.0 [0] 0.9976433
344 1.0 [0] 0.9802649
350 0.0 [1] 0.22235568
358 1.0 [0] 0.5677145
369 1.0 [0] 0.9974412
375 1.0 [0] 0.98274994
381 0.0 [1] 0.20696591
384 0.0 [1] 0.42823368
419 0.0 [1] 0.08726539
425 1.0 [0] 0.99117017
428 1.0 [0] 0.83346313
445 0.0 [1] 0.0029750057
446 0.0 [1] 0.42395473
448 0.0 [1] 0.09938806
478 0.0 [1] 0.3493809
481 1.0 [0] 0.97530884
484 0.0 [1] 0.03255273
501 1.0 [0] 0.8747715
505 0.0 [1] 0.44066945
515 0.0 [1] 0.040426377
556 1.0 [0] 0.9988728
560 0.0 [1] 0.15414858
569 0.0 [1] 0.25368407
571 1.0 [0] 0.79669076
576 1.0 [0] 0.619152
586 1.0 [0] 0.97661567
596 1.0 [0] 0.9695169
615 1.0 [0] 0.5176167
619 0.0 [1] 0.00578796
636 1.0 [0] 0.5050262
638 1.0 [0] 0.6682547
643 0.0 [1] 0.01175977
655 0.0 [1] 0.38724336
677 1.0 [0] 0.9954572
682 0.0 [1] 0.015954876
697 1.0 [0] 0.99206233
707 1.0 [0] 0.6495581
710 1.0 [0] 0.5922269
720 0.0 [1] 0.4756521
728 1.0 [0] 0.8002018
730 0.0 [1] 0.06399256
731 0.0 [1] 0.16565242
738 0.0 [1] 0.26947
749 0.0 [1] 0.065772295
752 1.0 [0] 0.79532593
753 1.0 [0] 0.9647221
770 1.0 [0] 0.5694303
775 1.0 [0] 0.93310195
787 0.0 [1] 0.021860784
814 1.0 [0] 0.5635502
829 0.0 [1] 0.031974662
833 0.0 [1] 0.088586785
837 0.0 [1] 0.17023118
849 0.0 [1] 0.0031277617
853 0.0 [1] 0.0025653448
863 1.0 [0] 0.9981647
913 1.0 [0] 0.79617447
918 1.0 [0] 0.69919336
926 0.0 [1] 0.00084348384
938 0.0 [1] 0.40233502
941 0.0 [1] 0.018709967
942 1.0 [0] 0.9698038
946 0.0 [1] 0.048649352
952 0.0 [1] 0.038033776
955 1.0 [0] 0.9180949
968 0.0 [1] 0.10117365
971 1.0 [0] 0.99296737
976 0.0 [1] 0.2544858
981 1.0 [0] 0.9742744
982 0.0 [1] 0.00058269396
986 1.0 [0] 0.98495954
1002 1.0 [0] 0.5639856
1020 0.0 [1] 0.39910004
1031 0.0 [1] 0.47020862
1034 0.0 [1] 0.40361744
1035 1.0 [0] 0.8853943
1037 1.0 [0] 0.9962102
1040 0.0 [1] 0.03807455
1044 1.0 [0] 0.8576716
1048 0.0 [1] 0.1940191
1054 0.0 [1] 0.38744232
1057 0.0 [1] 0.14171454
1078 1.0 [0] 0.5038547
1095 0.0 [1] 0.31242287
1100 0.0 [1] 0.39728704
1103 1.0 [0] 0.99749446
1114 0.0 [1] 0.24984221
1116 0.0 [1] 0.09332546
1131 0.0 [1] 0.3490897
1142 0.0 [1] 0.23342513
1149 1.0 [0] 0.99693835
1154 1.0 [0] 0.8551056
1173 1.0 [0] 0.99992883
1192 1.0 [0] 0.99739885
1194 0.0 [1] 0.024024427
1200 1.0 [0] 0.50987685
1213 0.0 [1] 0.43232948
1214 1.0 [0] 0.75847536
1229 1.0 [0] 0.99957854
1239 1.0 [0] 0.818198
1242 0.0 [1] 0.27123836
1245 0.0 [1] 0.039112236
1248 1.0 [0] 0.8038785
1265 1.0 [0] 0.9261175
1285 0.0 [1] 0.031361688
1291 1.0 [0] 0.9937471
1292 0.0 [1] 0.07526025
1304 1.0 [0] 0.9988746
1315 0.0 [1] 0.07681414
1335 0.0 [1] 0.21209095
1342 1.0 [0] 0.93625605
1344 1.0 [0] 0.782506
1345 0.0 [1] 0.05260536
1350 1.0 [0] 0.55029434
1352 0.0 [1] 0.06359561
1379 1.0 [0] 0.9904945
1401 1.0 [0] 0.9303891
1411 1.0 [0] 0.9786524
1414 0.0 [1] 0.113962345
1419 0.0 [1] 0.0062776227
1427 0.0 [1] 0.31557557
1429 0.0 [1] 0.028896345
1430 0.0 [1] 0.036287464
1433 0.0 [1] 0.021678079
1446 1.0 [0] 0.98611265
1468 1.0 [0] 0.96855897
1478 1.0 [0] 0.8551056
1486 0.0 [1] 0.34481007
1487 0.0 [1] 0.39862785
1498 0.0 [1] 0.09843995
1515 0.0 [1] 0.13302441
1519 1.0 [0] 0.6152296
1522 0.0 [1] 0.07144508
1533 1.0 [0] 0.5400158
1548 1.0 [0] 0.8125391
1552 0.0 [1] 0.3981562
1597 0.0 [1] 0.4257858
1606 1.0 [0] 0.9382772
1623 1.0 [0] 0.93428105
1631 1.0 [0] 0.7612964
1634 1.0 [0] 0.9732387
1635 0.0 [1] 0.0061678397
1644 1.0 [0] 0.73013204
1647 0.0 [1] 0.4317545
1654 0.0 [1] 0.2937726
1655 1.0 [0] 0.5093114
1664 0.0 [1] 0.33382776
1679 0.0 [1] 0.465584
1680 1.0 [0] 0.74972534
1683 1.0 [0] 0.9455914
1690 1.0 [0] 0.92164123
1692 0.0 [1] 0.22376576
1697 1.0 [0] 0.70051676
1702 1.0 [0] 0.86880934
1708 0.0 [1] 0.22828731
1715 0.0 [1] 0.13625014
1717 1.0 [0] 0.9527544
1718 0.0 [1] 0.152072
1721 0.0 [1] 0.044595696
1733 1.0 [0] 0.840784
1756 0.0 [1] 0.42325208
1773 0.0 [1] 0.17673825
1778 0.0 [1] 0.044080306
1780 1.0 [0] 0.93387556
1781 0.0 [1] 0.49859157
1784 0.0 [1] 0.34516272
1804 1.0 [0] 0.505648
1806 0.0 [1] 0.2597198
1824 0.0 [1] 0.030767642
1846 0.0 [1] 0.3567696
1850 0.0 [1] 0.2003206
1863 0.0 [1] 0.15080059
1880 1.0 [0] 0.99940956
1881 0.0 [1] 0.14830425
1883 1.0 [0] 0.9973138
1923 0.0 [1] 0.11729287
1931 0.0 [1] 0.33053946
1942 1.0 [0] 0.7647527
1947 0.0 [1] 0.04146444
1957 0.0 [1] 0.016341286
1972 1.0 [0] 0.9560139
1981 0.0 [1] 0.055925317
1982 0.0 [1] 0.2405883
1990 0.0 [1] 0.41770327
1996 0.0 [1] 0.26172686
2004 1.0 [0] 0.776195
2045 0.0 [1] 0.0052344846
2059 0.0 [1] 0.4724872
2060 0.0 [1] 0.19154353
2081 1.0 [0] 0.81089634
2092 0.0 [1] 0.10700848
2105 0.0 [1] 0.00029171837
2112 0.0 [1] 0.20451742
2121 1.0 [0] 0.83168817
2126 0.0 [1] 0.23606709
2145 0.0 [1] 0.14529559
2194 0.0 [1] 0.12433397
2213 1.0 [0] 0.8245445
2217 1.0 [0] 0.9983511
2250 0.0 [1] 0.4994871
2255 0.0 [1] 0.00800296
2260 1.0 [0] 0.9982864
2266 0.0 [1] 0.22150311
2274 0.0 [1] 0.2087043
2277 1.0 [0] 0.97953963
2280 0.0 [1] 0.058755483
2299 1.0 [0] 0.98654175
2304 1.0 [0] 0.93939155
2314 0.0 [1] 0.0009318423
2321 1.0 [0] 0.92394453
2325 0.0 [1] 0.21323143
2333 1.0 [0] 0.99572587
2344 1.0 [0] 0.5747797
2347 0.0 [1] 0.25453034
2349 0.0 [1] 0.27919623
2379 1.0 [0] 0.8078641
2380 1.0 [0] 0.927438
2381 0.0 [1] 0.016231926
2387 1.0 [0] 0.5947148
2402 0.0 [1] 0.07766483
2422 0.0 [1] 6.12339e-05
2428 0.0 [1] 0.13819304
2439 1.0 [0] 0.99434847
2442 1.0 [0] 0.96460354
2456 0.0 [1] 0.2368978
2457 0.0 [1] 0.08824165
2459 0.0 [1] 0.04388803
2464 0.0 [1] 0.47732377
2465 0.0 [1] 0.24712509
2471 1.0 [0] 0.5231272
2478 1.0 [0] 0.6232999
2507 0.0 [1] 0.0012455449
2516 1.0 [0] 0.62478864
2526 0.0 [1] 0.0022636869
2528 0.0 [1] 0.046948906
2531 0.0 [1] 0.013860818
2538 0.0 [1] 0.010022371
2552 0.0 [1] 0.008492512
2568 0.0 [1] 0.0022108825
2570 1.0 [0] 0.8968906
2572 0.0 [1] 0.21711792
2576 0.0 [1] 0.20153403
2578 0.0 [1] 0.0018717012
2591 0.0 [1] 0.13779256
2599 1.0 [0] 0.8275361
2605 0.0 [1] 0.3147827
2628 0.0 [1] 0.27273965
2635 1.0 [0] 0.8661127
2658 1.0 [0] 0.9134906
2684 1.0 [0] 0.94847697
2706 1.0 [0] 0.97826433
2727 0.0 [1] 0.38980204
2728 1.0 [0] 0.99896765
2751 1.0 [0] 0.9842249
2754 0.0 [1] 0.0004944654
2755 0.0 [1] 0.0046475157
2757 1.0 [0] 0.7234377
2783 1.0 [0] 0.96508074
2812 0.0 [1] 0.22892863
2834 1.0 [0] 0.9979594
2865 0.0 [1] 0.22201717
2871 1.0 [0] 0.9988556
2878 1.0 [0] 0.97954696
2880 0.0 [1] 0.16356386
2891 1.0 [0] 0.6063454
2894 1.0 [0] 0.916921
2895 1.0 [0] 0.9092693
2901 0.0 [1] 0.14972991
2908 0.0 [1] 0.24843922
2924 0.0 [1] 0.46632746
2928 0.0 [1] 0.10362113
2929 0.0 [1] 0.36488032
2933 1.0 [0] 0.6359272
2937 1.0 [0] 0.86530966
2938 0.0 [1] 0.202635
2948 1.0 [0] 0.89500976
2977 1.0 [0] 0.82121456
2983 0.0 [1] 0.29382375
3013 0.0 [1] 0.057558518
3016 0.0 [1] 0.10008412
3021 0.0 [1] 0.02933749
3024 0.0 [1] 0.09690766
3043 0.0 [1] 0.34340125
3053 1.0 [0] 0.9166832
3056 0.0 [1] 0.17106447
3059 1.0 [0] 0.8205048
3086 0.0 [1] 0.4905372
3097 1.0 [0] 0.5897735
3116 1.0 [0] 0.9685075
3121 0.0 [1] 0.027373008
3122 1.0 [0] 0.72586536
3123 1.0 [0] 0.7338466
3135 1.0 [0] 0.9994585
3136 1.0 [0] 0.841966
3138 1.0 [0] 0.60614246
3144 1.0 [0] 0.9530516
3148 1.0 [0] 0.7129336
3151 1.0 [0] 0.9620072
3177 1.0 [0] 0.9872917
3194 1.0 [0] 0.5051663
3198 0.0 [1] 0.47448176
3251 1.0 [0] 0.9986192
3264 1.0 [0] 0.9909162
3268 1.0 [0] 0.8662644
3271 1.0 [0] 0.63394684
3276 1.0 [0] 0.87721574
3285 1.0 [0] 0.94565046
3291 0.0 [1] 0.086864546
3298 1.0 [0] 0.583661
3311 0.0 [1] 0.48516995
3313 1.0 [0] 0.8974765
3316 0.0 [1] 0.012520354
3323 0.0 [1] 0.31191465
3330 1.0 [0] 0.91568434
3337 0.0 [1] 0.09225197
3363 1.0 [0] 0.99797755
3372 1.0 [0] 0.89863396
3404 0.0 [1] 0.042454343
3407 1.0 [0] 0.5510836
3408 0.0 [1] 0.32443562
3424 1.0 [0] 0.8574073
3429 1.0 [0] 0.8703953
3440 1.0 [0] 0.69455916
3449 0.0 [1] 0.01392882
3450 1.0 [0] 0.9377277
3493 0.0 [1] 0.4642159
3496 1.0 [0] 0.9996923
3503 0.0 [1] 0.10676058
3521 0.0 [1] 0.0707595
3529 0.0 [1] 0.32795522
3557 0.0 [1] 0.2865934
3562 1.0 [0] 0.99814606
3563 0.0 [1] 0.0125843445
3565 0.0 [1] 0.055155262
3584 1.0 [0] 0.72497153
3588 0.0 [1] 0.08920442
3589 0.0 [1] 0.003326038
3604 1.0 [0] 0.8047971
3605 0.0 [1] 0.066127494
3611 1.0 [0] 0.8932779
3617 1.0 [0] 0.936126
3632 0.0 [1] 0.011193463
3644 0.0 [1] 0.18241636
3645 1.0 [0] 0.618726
3648 1.0 [0] 0.87173706
3675 1.0 [0] 0.97673565
3692 1.0 [0] 0.59375304
3696 1.0 [0] 0.5372452
3699 0.0 [1] 0.003716779
3715 0.0 [1] 0.0012983598
3735 0.0 [1] 0.19746348
3738 0.0 [1] 0.0011419246
3741 1.0 [0] 0.7147257
3742 0.0 [1] 0.035675917
3753 1.0 [0] 0.5384424
3761 0.0 [1] 0.030409556
3772 1.0 [0] 0.7037044
3790 0.0 [1] 0.1416785
3806 0.0 [1] 0.37726212
3839 1.0 [0] 0.96741205
3857 0.0 [1] 0.01442244
3869 1.0 [0] 0.8314751
3891 0.0 [1] 0.09010902
3898 0.0 [1] 0.076752484
3908 0.0 [1] 0.30222297
3916 1.0 [0] 0.99950767
3918 0.0 [1] 0.34776548
3934 0.0 [1] 0.096101806
3938 0.0 [1] 0.027261186
3940 0.0 [1] 0.15525144
3955 0.0 [1] 0.17956394
3969 0.0 [1] 0.06768818
3970 1.0 [0] 0.5297959
3971 0.0 [1] 0.007656352
3975 1.0 [0] 0.89124024
3979 1.0 [0] 0.9842069
4018 1.0 [0] 0.800991
4025 1.0 [0] 0.9905309
4037 1.0 [0] 0.5923205
4055 1.0 [0] 0.9929194
4064 1.0 [0] 0.9424369
4084 1.0 [0] 0.88789254
4099 1.0 [0] 0.81358975
4119 0.0 [1] 0.35888568
4123 0.0 [1] 0.3570557
4136 1.0 [0] 0.9871912
4142 0.0 [1] 0.35251668
4163 0.0 [1] 0.15101609
4167 0.0 [1] 0.37340942
4175 1.0 [0] 0.91183037
4178 1.0 [0] 0.9026485
4186 0.0 [1] 0.02077706
4199 0.0 [1] 0.04694946
4207 0.0 [1] 0.1720757
4219 1.0 [0] 0.5580246
4222 0.0 [1] 0.44109315
4243 0.0 [1] 0.056572523
4245 1.0 [0] 0.89230347
4247 0.0 [1] 0.1451416
4251 0.0 [1] 0.11324318
4256 0.0 [1] 0.24450147
4260 1.0 [0] 0.8729372
4275 0.0 [1] 0.13674504
4281 0.0 [1] 0.15019988
4289 1.0 [0] 0.88404787
4304 1.0 [0] 0.74773055
4311 0.0 [1] 0.4680834
4312 0.0 [1] 0.2719816
4328 0.0 [1] 0.04178317
443 4333

Process finished with exit code 0
